({'policy': {'actions': tensor([[ 0.0000,  0.0000,  0.0000,  1.0000,  0.0000,  0.0000,  0.0000,  0.0000,
          0.0000,  0.0000,  0.0000,  0.0000,  0.0000,  1.0000, -1.5710, -1.5710,
         -1.5710, -1.5710, -1.7410, -1.5710, -1.5710, -1.5710, -1.5710, -1.7410,
         -0.8855, -0.8878, -0.8863, -0.8973,  1.2210, -0.8855, -0.8878, -0.8863,
         -0.8973,  1.2210,  0.5941,  0.5941]]), 'robot_joint_pos': tensor([[ 0.0000e+00,  0.0000e+00, -1.3809e-04,  0.0000e+00,  0.0000e+00,
         -1.3415e-04,  0.0000e+00,  0.0000e+00,  1.6148e-04,  0.0000e+00,
          0.0000e+00, -1.0026e-05, -1.1911e+00, -1.2106e+00,  0.0000e+00,
          0.0000e+00,  6.2870e-06, -1.5579e-01,  1.3984e-02,  0.0000e+00,
          0.0000e+00,  7.1635e-06, -2.9701e+00,  2.3138e+00, -2.1045e+00,
         -2.1041e+00, -2.9728e+00,  2.9740e+00, -8.7360e-01,  8.7239e-01,
         -6.1182e-01, -6.1219e-01, -1.5114e+00, -1.5110e+00, -1.5204e+00,
         -1.5176e+00, -1.7405e+00, -1.5334e+00, -1.5256e+00, -1.5229e+00,
         -1.5263e+00, -1.7405e+00, -1.9455e+00, -2.0015e+00, -2.1288e+00,
         -2.0714e+00,  1.1069e+00, -2.0475e+00, -2.0298e+00, -2.0951e+00,
         -2.0708e+00,  1.1018e+00, -2.3766e-01, -2.3766e-01]]), 'robot_root_pos': tensor([[1.1675e-06, 1.1884e-06, 9.3000e-01]]), 'robot_root_rot': tensor([[ 7.0711e-01,  1.4901e-08, -5.5516e-09,  7.0711e-01]]), 'object_pos': tensor([[-0.3688,  0.4030,  1.1691]]), 'object_rot': tensor([[ 1.0000e+00,  1.9132e-04,  1.6836e-04, -2.1818e-05]]), 'robot_links_state': tensor([[[ 1.1675e-06,  1.1884e-06,  9.3000e-01,  7.0711e-01,  1.4901e-08,
          -5.5516e-09,  7.0711e-01,  0.0000e+00,  0.0000e+00,  0.0000e+00,
           0.0000e+00,  0.0000e+00,  0.0000e+00],
         [-1.0500e-01, -3.1634e-02,  9.0240e-01,  7.0711e-01,  2.0722e-08,
          -1.3264e-08,  7.0711e-01,  0.0000e+00,  0.0000e+00,  0.0000e+00,
           0.0000e+00,  0.0000e+00,  0.0000e+00],
         [ 1.0500e-01, -3.1634e-02,  9.0240e-01,  7.0711e-01,  1.3271e-08,
          -1.7782e-08,  7.0711e-01,  0.0000e+00,  0.0000e+00,  0.0000e+00,
           0.0000e+00,  0.0000e+00,  0.0000e+00],
         [ 1.1548e-06,  1.1837e-06,  9.3000e-01,  7.0716e-01,  1.8626e-09,
          -1.4901e-08,  7.0706e-01,  1.2187e-10, -3.0923e-11, -4.8299e-13,
           1.4485e-10, -2.6555e-10, -1.6201e-03],
         [-1.0500e-01,  1.5012e-03,  9.0315e-01,  7.0711e-01, -3.7253e-09,
          -3.3528e-08,  7.0711e-01,  0.0000e+00,  0.0000e+00,  0.0000e+00,
           0.0000e+00,  0.0000e+00,  0.0000e+00],
         [ 1.0500e-01,  1.5012e-03,  9.0315e-01,  7.0711e-01,  1.2922e-08,
          -1.3388e-08,  7.0711e-01,  0.0000e+00,  0.0000e+00,  0.0000e+00,
           0.0000e+00,  0.0000e+00,  0.0000e+00],
         [ 1.1544e-06,  1.1842e-06,  1.0169e+00,  7.0716e-01,  4.7423e-05,
          -4.7452e-05,  7.0706e-01,  1.2869e-10,  1.2733e-11, -5.1591e-10,
          -7.7751e-04,  9.9775e-08, -1.6201e-03],
         [-1.2730e-01,  1.5012e-03,  7.6288e-01,  7.0711e-01,  5.1223e-09,
          -7.8908e-09,  7.0711e-01,  0.0000e+00,  0.0000e+00,  0.0000e+00,
           0.0000e+00,  0.0000e+00,  0.0000e+00],
         [ 1.2730e-01,  1.5012e-03,  7.6288e-01,  7.0711e-01,  1.4901e-08,
          -9.6088e-09,  7.0711e-01,  0.0000e+00,  0.0000e+00,  0.0000e+00,
           0.0000e+00,  0.0000e+00,  0.0000e+00],
         [ 5.0188e-04,  5.2402e-03,  1.0979e+00,  7.0716e-01,  1.0451e-04,
           9.6338e-06,  7.0706e-01,  8.4960e-06,  6.2167e-05, -4.0754e-06,
          -7.7781e-04, -2.3690e-03, -1.6204e-03],
         [-1.0779e-01,  1.5012e-03,  4.0288e-01,  7.0711e-01,  5.1223e-09,
          -7.2905e-09,  7.0711e-01,  0.0000e+00,  0.0000e+00,  0.0000e+00,
           0.0000e+00,  0.0000e+00,  0.0000e+00],
         [ 1.0754e-01,  1.5012e-03,  4.0288e-01,  7.0711e-01,  1.3504e-08,
          -1.3548e-08,  7.0711e-01,  0.0000e+00,  0.0000e+00,  0.0000e+00,
           0.0000e+00,  0.0000e+00,  0.0000e+00],
         [-5.4175e-04,  4.9495e-03,  1.4029e+00,  7.0716e-01,  1.0097e-04,
           6.0889e-06,  7.0706e-01, -7.1451e-04,  3.0109e-04, -6.3231e-06,
          -7.7696e-04,  4.2666e-03, -1.6195e-03],
         [-1.0132e-01,  2.9766e-03,  1.3049e+00,  6.5690e-01,  5.1315e-01,
          -2.6175e-01,  4.8646e-01, -4.8559e-04,  3.8818e-04, -2.4353e-04,
           2.3607e-03, -2.3692e-03, -3.0708e-03],
         [ 1.0124e-01,  2.9485e-03,  1.3049e+00,  4.8161e-01,  2.6818e-01,
          -5.1783e-01,  6.5421e-01, -4.8555e-04,  5.9926e-05,  2.3635e-04,
          -4.0878e-03, -2.3684e-03, -3.1488e-03],
         [-1.0654e-01,  1.5012e-03,  6.2880e-02,  7.0711e-01,  3.7253e-09,
          -9.4522e-09,  7.0711e-01,  0.0000e+00,  0.0000e+00,  0.0000e+00,
           0.0000e+00,  0.0000e+00,  0.0000e+00],
         [ 1.0629e-01,  1.5012e-03,  6.2880e-02,  7.0711e-01,  2.0489e-08,
          -9.3135e-09,  7.0711e-01,  0.0000e+00,  0.0000e+00,  0.0000e+00,
           0.0000e+00,  0.0000e+00,  0.0000e+00],
         [-5.4175e-04,  4.9495e-03,  1.4029e+00,  7.0716e-01,  9.8765e-05,
           8.2999e-06,  7.0706e-01, -7.1451e-04,  3.0109e-04, -6.3253e-06,
           1.9086e-03,  4.2663e-03, -1.6199e-03],
         [-1.8769e-01,  2.9832e-03,  1.3448e+00,  7.7750e-01,  3.0056e-01,
          -3.9159e-01,  3.8964e-01, -5.8014e-04,  5.5918e-04, -4.4815e-04,
          -1.7969e-03, -6.3223e-03, -1.2066e-02],
         [ 1.8763e-01,  2.9312e-03,  1.3448e+00,  4.1024e-01,  3.6820e-01,
          -3.6005e-01,  7.5266e-01, -5.8008e-04, -4.9050e-05,  4.4101e-04,
          -6.1027e-03, -5.5787e-04,  1.2155e-03],
         [-1.0654e-01,  1.5012e-03,  6.2880e-02,  7.0711e-01,  3.7253e-09,
          -9.4522e-09,  7.0711e-01,  0.0000e+00,  0.0000e+00,  0.0000e+00,
           0.0000e+00,  0.0000e+00,  0.0000e+00],
         [ 1.0629e-01,  1.5012e-03,  6.2880e-02,  7.0711e-01,  2.0489e-08,
          -9.3135e-09,  7.0711e-01,  0.0000e+00,  0.0000e+00,  0.0000e+00,
           0.0000e+00,  0.0000e+00,  0.0000e+00],
         [-5.3398e-04,  4.9429e-03,  1.4542e+00,  7.0715e-01,  9.8765e-05,
           8.2944e-06,  7.0706e-01, -4.9567e-04,  2.0316e-04, -6.3844e-06,
           1.9084e-03,  4.2664e-03, -2.7247e-03],
         [-1.9478e-01,  7.8383e-02,  1.3150e+00,  4.5479e-01,  4.1589e-01,
           2.6592e-01, -7.4127e-01,  5.1843e-04,  5.9094e-04, -6.2850e-04,
          -1.7612e-02, -3.8930e-02,  9.5717e-03],
         [ 2.0458e-01,  7.8943e-02,  1.3211e+00, -5.2411e-01, -1.8156e-01,
          -4.8191e-01,  6.7831e-01, -6.5921e-04, -1.7319e-04, -1.3382e-05,
          -5.6620e-03, -1.9936e-03,  2.0146e-03],
         [-1.2691e-01,  2.1589e-01,  1.2234e+00,  4.5636e-01, -4.3770e-01,
          -2.6321e-01, -7.2861e-01,  2.7672e-03, -3.7231e-04, -4.0838e-04,
          -2.0310e-02, -3.7589e-02,  9.6187e-03],
         [ 1.5742e-01,  2.2968e-01,  1.2377e+00, -6.7837e-01,  4.9905e-01,
           2.1622e-01,  4.9398e-01, -7.9661e-04, -7.4035e-04, -9.6087e-04,
          -3.6456e-03, -1.9622e-03,  9.5970e-04],
         [-1.5055e-01,  1.6934e-01,  1.1950e+00, -6.8753e-01,  2.2537e-01,
          -4.5833e-01, -5.1617e-01,  4.2850e-03, -1.1794e-03, -3.4859e-04,
           2.8673e-01,  5.6704e-01,  3.7896e-01],
         [ 1.4555e-01,  1.7673e-01,  1.2134e+00, -5.4901e-01,  2.5722e-01,
          -4.7921e-01, -6.3465e-01, -7.0134e-04, -8.4046e-04, -7.8859e-04,
          -5.0481e-02, -2.1099e-01, -9.4849e-02],
         [-2.2655e-01,  1.9655e-02,  1.1035e+00, -5.2764e-01,  4.9506e-01,
          -1.9694e-01, -6.6161e-01,  9.1542e-03, -3.7520e-03, -1.7105e-04,
           2.7204e-01,  3.9741e-01,  6.6883e-01],
         [ 1.0738e-01,  6.4724e-03,  1.1354e+00, -6.0628e-01,  1.1842e-03,
          -7.0248e-01, -3.7276e-01, -3.7404e-04, -1.1619e-03, -2.4748e-04,
          -3.1878e-02, -2.4294e-01, -3.4230e-02],
         [-2.2655e-01,  1.9655e-02,  1.1035e+00, -5.6245e-01,  2.7283e-01,
          -2.8888e-02, -7.7998e-01,  9.0831e-03, -3.7803e-03, -1.6377e-04,
          -4.1467e-01,  1.1555e-01,  4.6813e-01],
         [ 1.0738e-01,  6.4724e-03,  1.1354e+00, -7.8978e-01, -1.1120e-01,
          -4.8713e-01, -3.5579e-01, -3.6782e-04, -1.1674e-03, -2.3268e-04,
          -9.8420e-02, -1.3730e-01,  4.1819e-02],
         [-1.7545e-01,  6.1242e-03,  9.9508e-01, -5.4169e-01,  8.1468e-01,
           2.0685e-01, -8.9627e-03,  1.8812e-03, -2.5174e-02, -6.2338e-04,
           4.9335e-01, -3.2461e+00,  2.0511e+00],
         [-1.7065e-01, -1.0408e-02,  1.0018e+00, -5.2053e-01,  8.2861e-01,
           2.0603e-01, -2.3789e-03,  9.9830e-03, -2.0360e-02,  5.6817e-03,
           2.1827e-01, -2.3162e+00,  1.7550e+00],
         [-1.6340e-01, -4.1358e-02,  1.0203e+00, -4.7712e-01,  8.5371e-01,
           2.0824e-01,  1.3217e-02,  2.7922e-02, -8.7149e-03,  1.7829e-02,
          -4.4509e-01,  2.5605e-01,  3.7491e-01],
         [-1.6664e-01, -2.6295e-02,  1.0103e+00, -4.9898e-01,  8.4127e-01,
           2.0797e-01,  5.9524e-03,  1.9717e-02, -1.4410e-02,  1.1967e-02,
          -4.1485e-01,  1.1646e-01,  4.6757e-01],
         [-1.9939e-01,  2.8054e-02,  1.0584e+00, -9.5887e-01,  1.9795e-01,
           1.8995e-01, -7.2817e-02, -6.3151e-04, -1.0008e-02, -7.0505e-03,
          -1.9166e-01, -7.6965e-02, -1.5378e-02],
         [ 9.9175e-03,  1.3374e-02,  1.0647e+00, -5.0401e-01, -6.1053e-02,
           4.0583e-01, -7.5996e-01,  9.2125e-03, -1.2408e-02, -1.4412e-02,
          -5.0472e-01, -1.0058e+00,  8.9257e-01],
         [ 3.2168e-03,  7.1879e-04,  1.0764e+00, -4.9884e-01, -7.3456e-02,
           3.8658e-01, -7.7222e-01,  7.9856e-03, -1.1334e-02, -1.3951e-02,
           2.7152e-01,  7.7289e-01, -8.9587e-01],
         [-5.1014e-03, -2.3562e-02,  1.1027e+00, -4.9234e-01, -1.0077e-01,
           3.4698e-01, -7.9187e-01,  5.3858e-03, -9.0972e-03, -1.2717e-02,
          -1.2101e-01, -2.1710e-01,  1.3303e-01],
         [-1.7621e-03, -1.1647e-02,  1.0892e+00, -4.9652e-01, -8.7510e-02,
           3.6680e-01, -7.8184e-01,  6.7536e-03, -1.0293e-02, -1.3427e-02,
          -1.3073e-01, -2.3061e-01,  1.4320e-01],
         [ 6.7302e-02,  2.4544e-02,  1.1052e+00,  4.4406e-01, -2.3712e-01,
          -8.3314e-01,  2.2903e-01,  3.0152e-03, -5.8121e-03, -7.5165e-03,
          -4.5801e-02, -1.2669e-01,  7.2876e-02],
         [-1.4841e-01,  1.8845e-02,  1.0065e+00, -3.1237e-01,  2.8769e-01,
           7.8976e-01,  4.4264e-01, -5.3768e-02,  1.9604e-02,  7.8464e-02,
           1.4240e+00, -6.7006e+00,  3.6788e+00],
         [-1.4325e-01,  2.2130e-03,  1.0125e+00, -2.8290e-01,  2.7370e-01,
           8.0878e-01,  4.3695e-01, -3.1595e-02,  1.9417e-02,  5.9415e-02,
           9.3791e-01, -5.0811e+00,  3.2181e+00],
         [-1.3718e-01, -2.7644e-02,  1.0325e+00, -2.1984e-01,  2.3192e-01,
           8.4758e-01,  4.2366e-01,  2.5899e-02,  6.5022e-03,  5.0352e-03,
          -4.7981e-01,  4.1667e-01,  2.6831e-01],
         [-1.3978e-01, -1.3182e-02,  1.0217e+00, -2.4931e-01,  2.5006e-01,
           8.2973e-01,  4.3228e-01,  1.4922e-02,  2.8710e-03,  3.4017e-03,
          -4.1504e-01,  1.1742e-01,  4.6698e-01],
         [-1.7944e-01,  3.2727e-02,  1.0657e+00, -5.0129e-01,  7.9353e-01,
          -2.7188e-01, -2.1238e-01, -2.3565e-03, -8.9299e-03, -7.0223e-03,
          -2.0125e-01,  2.0954e-01, -1.3667e-01],
         [-9.0992e-04,  3.6854e-02,  1.0836e+00, -9.1123e-01, -3.7836e-01,
           1.5895e-01,  3.5169e-02, -3.2647e-02, -1.2868e-02, -3.8495e-02,
          -1.0294e+00, -2.1279e+00,  1.9914e+00],
         [-8.5069e-03,  2.4258e-02,  1.0946e+00, -9.1918e-01, -3.6714e-01,
           1.4160e-01,  1.6237e-02,  4.3192e-02, -5.7853e-03,  1.5130e-03,
           6.9276e-01,  1.8092e+00, -1.9636e+00],
         [-1.5108e-02,  4.5845e-04,  1.1214e+00, -9.3194e-01, -3.5091e-01,
           8.6117e-02,  3.0723e-02, -1.8984e-03, -8.1884e-03, -1.7837e-02,
          -1.4438e-01, -2.9966e-01,  2.2740e-01],
         [-1.2676e-02,  1.2108e-02,  1.1076e+00, -9.2575e-01, -3.6012e-01,
           1.1187e-01,  2.8172e-02, -9.5221e-04, -9.4578e-03, -1.9096e-02,
          -1.6823e-01, -3.3895e-01,  2.6089e-01],
         [ 5.6576e-02,  3.7562e-02,  1.1190e+00,  1.7261e-02, -9.8871e-02,
          -4.4055e-01,  8.9210e-01,  3.3831e-04, -5.9734e-03, -9.4697e-03,
          -3.7311e-02, -9.2028e-02,  4.6642e-02],
         [-1.3735e-01,  1.6667e-02,  1.0231e+00, -5.2293e-01,  8.2016e-01,
          -1.7589e-01, -1.5146e-01, -1.4300e-02, -2.3034e-02, -1.3025e-02,
          -2.0125e-01,  2.0954e-01, -1.3667e-01],
         [-3.1640e-03,  3.9744e-02,  1.1025e+00,  1.2289e-01, -4.5950e-02,
          -4.4916e-01,  8.8376e-01,  1.7619e-03, -9.3805e-03, -1.5043e-02,
          -2.9041e-02, -5.8267e-02,  2.1090e-02]]]), 'left_eef_pos': tensor([[-0.2265,  0.0197,  1.1035]]), 'left_eef_quat': tensor([[-0.5276,  0.4951, -0.1969, -0.6616]]), 'right_eef_pos': tensor([[0.1074, 0.0065, 1.1354]]), 'right_eef_quat': tensor([[-0.6063,  0.0012, -0.7025, -0.3728]]), 'hand_joint_state': tensor([[-1.5114, -1.5110, -1.5204, -1.5176, -1.7405, -1.5334, -1.5256, -1.5229,
         -1.5263, -1.7405, -1.9455, -2.0015, -2.1288, -2.0714,  1.1069, -2.0475,
         -2.0298, -2.0951, -2.0708,  1.1018, -0.2377, -0.2377]]), 'head_joint_state': tensor([[ 6.2870e-06, -1.0026e-05,  7.1635e-06]]), 'object': tensor([[-3.6881e-01,  4.0304e-01,  1.1691e+00,  1.0000e+00,  1.9132e-04,
          1.6836e-04, -2.1818e-05, -1.4226e-01,  3.8339e-01,  6.5514e-02,
         -4.7619e-01,  3.9657e-01,  3.3708e-02]])}}, tensor([0.]), tensor([False]), tensor([False]), {'log': {'Episode_Termination/object_dropping': 1}})
({'policy': {'actions': tensor([[ 0.0000,  0.0000,  0.0000,  1.0000,  0.0000,  0.0000,  0.0000,  0.0000,
          0.0000,  0.0000,  0.0000,  0.0000,  0.0000,  1.0000, -1.5710, -1.5710,
         -1.5710, -1.5710, -1.7410, -1.5710, -1.5710, -1.5710, -1.5710, -1.7410,
         -0.8855, -0.8878, -0.8863, -0.8973,  1.2210, -0.8855, -0.8878, -0.8863,
         -0.8973,  1.2210,  0.5941,  0.5941]]), 'robot_joint_pos': tensor([[ 0.0000e+00,  0.0000e+00, -1.0867e-04,  0.0000e+00,  0.0000e+00,
         -1.3842e-04,  0.0000e+00,  0.0000e+00,  1.6318e-04,  0.0000e+00,
          0.0000e+00,  1.5945e-06, -1.1911e+00, -1.2108e+00,  0.0000e+00,
          0.0000e+00,  2.5850e-06, -1.5592e-01,  1.3952e-02,  0.0000e+00,
          0.0000e+00, -3.5608e-06, -2.9701e+00,  2.3139e+00, -2.1045e+00,
         -2.1041e+00, -2.9725e+00,  2.9739e+00, -8.7359e-01,  8.7242e-01,
         -6.1171e-01, -6.1218e-01, -1.5114e+00, -1.5110e+00, -1.5201e+00,
         -1.5175e+00, -1.7405e+00, -1.5333e+00, -1.5251e+00, -1.5229e+00,
         -1.5262e+00, -1.7405e+00, -1.9386e+00, -2.0021e+00, -2.1307e+00,
         -2.0723e+00,  1.1056e+00, -2.0462e+00, -2.0298e+00, -2.0953e+00,
         -2.0710e+00,  1.1019e+00, -2.3766e-01, -2.3766e-01]]), 'robot_root_pos': tensor([[1.1675e-06, 1.1884e-06, 9.3000e-01]]), 'robot_root_rot': tensor([[ 7.0711e-01,  1.4901e-08, -5.5516e-09,  7.0711e-01]]), 'object_pos': tensor([[-0.3688,  0.4030,  1.1691]]), 'object_rot': tensor([[ 1.0000e+00,  1.9132e-04,  1.6836e-04, -2.1818e-05]]), 'robot_links_state': tensor([[[ 1.1675e-06,  1.1884e-06,  9.3000e-01,  7.0711e-01,  1.4901e-08,
          -5.5516e-09,  7.0711e-01,  0.0000e+00,  0.0000e+00,  0.0000e+00,
           0.0000e+00,  0.0000e+00,  0.0000e+00],
         [-1.0500e-01, -3.1634e-02,  9.0240e-01,  7.0711e-01,  2.0722e-08,
          -1.3264e-08,  7.0711e-01,  0.0000e+00,  0.0000e+00,  0.0000e+00,
           0.0000e+00,  0.0000e+00,  0.0000e+00],
         [ 1.0500e-01, -3.1634e-02,  9.0240e-01,  7.0711e-01,  1.3271e-08,
          -1.7782e-08,  7.0711e-01,  0.0000e+00,  0.0000e+00,  0.0000e+00,
           0.0000e+00,  0.0000e+00,  0.0000e+00],
         [ 1.1632e-06,  1.1893e-06,  9.3000e-01,  7.0715e-01,  3.7253e-09,
           2.1420e-08,  7.0707e-01, -2.3010e-10,  5.5024e-11,  1.0326e-13,
          -1.3265e-11,  9.2855e-11,  8.9020e-04],
         [-1.0500e-01,  1.5012e-03,  9.0315e-01,  7.0711e-01, -3.7253e-09,
          -3.3528e-08,  7.0711e-01,  0.0000e+00,  0.0000e+00,  0.0000e+00,
           0.0000e+00,  0.0000e+00,  0.0000e+00],
         [ 1.0500e-01,  1.5012e-03,  9.0315e-01,  7.0711e-01,  1.2922e-08,
          -1.3388e-08,  7.0711e-01,  0.0000e+00,  0.0000e+00,  0.0000e+00,
           0.0000e+00,  0.0000e+00,  0.0000e+00],
         [ 1.1665e-06,  1.1916e-06,  1.0169e+00,  7.0715e-01,  4.8939e-05,
          -4.8911e-05,  7.0707e-01,  7.0258e-10, -2.0373e-10, -2.7876e-10,
          -6.9624e-04,  1.1859e-07,  8.9020e-04],
         [-1.2730e-01,  1.5012e-03,  7.6288e-01,  7.0711e-01,  5.1223e-09,
          -7.8908e-09,  7.0711e-01,  0.0000e+00,  0.0000e+00,  0.0000e+00,
           0.0000e+00,  0.0000e+00,  0.0000e+00],
         [ 1.2730e-01,  1.5012e-03,  7.6288e-01,  7.0711e-01,  1.4901e-08,
          -9.6088e-09,  7.0711e-01,  0.0000e+00,  0.0000e+00,  0.0000e+00,
           0.0000e+00,  0.0000e+00,  0.0000e+00],
         [ 5.0174e-04,  5.2399e-03,  1.0979e+00,  7.0715e-01,  1.0663e-04,
           8.7779e-06,  7.0707e-01, -4.6496e-06,  5.6853e-05, -3.6680e-06,
          -6.9663e-04, -2.2341e-03,  8.8993e-04],
         [-1.0779e-01,  1.5012e-03,  4.0288e-01,  7.0711e-01,  5.1223e-09,
          -7.2905e-09,  7.0711e-01,  0.0000e+00,  0.0000e+00,  0.0000e+00,
           0.0000e+00,  0.0000e+00,  0.0000e+00],
         [ 1.0754e-01,  1.5012e-03,  4.0288e-01,  7.0711e-01,  1.3504e-08,
          -1.3548e-08,  7.0711e-01,  0.0000e+00,  0.0000e+00,  0.0000e+00,
           0.0000e+00,  0.0000e+00,  0.0000e+00],
         [-5.4134e-04,  4.9478e-03,  1.4029e+00,  7.0715e-01,  1.0719e-04,
           9.3416e-06,  7.0707e-01, -6.8579e-04,  2.6841e-04, -5.8131e-06,
          -6.9584e-04,  2.0320e-03,  8.9042e-04],
         [-1.0132e-01,  2.9724e-03,  1.3049e+00,  6.5690e-01,  5.1315e-01,
          -2.6173e-01,  4.8648e-01, -4.6510e-04,  1.1046e-04, -2.2956e-04,
           1.1513e-02, -2.2351e-03, -4.7525e-03],
         [ 1.0124e-01,  2.9503e-03,  1.3049e+00,  4.8154e-01,  2.6826e-01,
          -5.1788e-01,  6.5419e-01, -4.6506e-04,  2.9071e-04,  2.2299e-04,
          -2.7965e-03, -2.2336e-03, -7.9882e-05],
         [-1.0654e-01,  1.5012e-03,  6.2880e-02,  7.0711e-01,  3.7253e-09,
          -9.4522e-09,  7.0711e-01,  0.0000e+00,  0.0000e+00,  0.0000e+00,
           0.0000e+00,  0.0000e+00,  0.0000e+00],
         [ 1.0629e-01,  1.5012e-03,  6.2880e-02,  7.0711e-01,  2.0489e-08,
          -9.3135e-09,  7.0711e-01,  0.0000e+00,  0.0000e+00,  0.0000e+00,
           0.0000e+00,  0.0000e+00,  0.0000e+00],
         [-5.4134e-04,  4.9478e-03,  1.4029e+00,  7.0715e-01,  1.0629e-04,
           1.0237e-05,  7.0707e-01, -6.8579e-04,  2.6841e-04, -5.8174e-06,
           2.0715e-03,  2.0315e-03,  8.8981e-04],
         [-1.8769e-01,  2.9763e-03,  1.3448e+00,  7.7751e-01,  3.0051e-01,
          -3.9161e-01,  3.8963e-01, -5.5427e-04,  6.1304e-05, -4.2251e-04,
           1.2410e-02, -1.3814e-03, -2.8112e-03],
         [ 1.8763e-01,  2.9354e-03,  1.3448e+00,  4.1016e-01,  3.6826e-01,
          -3.6011e-01,  7.5265e-01, -5.5416e-04,  3.9536e-04,  4.1600e-04,
          -4.7667e-03, -4.6440e-04,  4.1872e-03],
         [-1.0654e-01,  1.5012e-03,  6.2880e-02,  7.0711e-01,  3.7253e-09,
          -9.4522e-09,  7.0711e-01,  0.0000e+00,  0.0000e+00,  0.0000e+00,
           0.0000e+00,  0.0000e+00,  0.0000e+00],
         [ 1.0629e-01,  1.5012e-03,  6.2880e-02,  7.0711e-01,  2.0489e-08,
          -9.3135e-09,  7.0711e-01,  0.0000e+00,  0.0000e+00,  0.0000e+00,
           0.0000e+00,  0.0000e+00,  0.0000e+00],
         [-5.3289e-04,  4.9409e-03,  1.4542e+00,  7.0715e-01,  1.0626e-04,
           1.0235e-05,  7.0707e-01, -5.8158e-04,  1.6212e-04, -5.8957e-06,
           2.0715e-03,  2.0315e-03,  1.4639e-03],
         [-1.9477e-01,  7.8375e-02,  1.3150e+00,  4.5477e-01,  4.1590e-01,
           2.6588e-01, -7.4130e-01, -3.0101e-04,  4.5185e-04,  5.0445e-04,
           4.0744e-03, -1.8539e-02,  8.5779e-03],
         [ 2.0457e-01,  7.8953e-02,  1.3211e+00, -5.2416e-01, -1.8162e-01,
          -4.8198e-01,  6.7820e-01, -8.6142e-04,  3.5338e-04,  6.1572e-05,
          -3.5546e-03, -4.4165e-03,  6.3851e-03],
         [-1.2689e-01,  2.1587e-01,  1.2234e+00,  4.5632e-01, -4.3772e-01,
          -2.6321e-01, -7.2862e-01,  2.1712e-04,  1.4077e-03,  2.3246e-03,
           5.4799e-03, -1.9238e-02,  8.5503e-03],
         [ 1.5740e-01,  2.2971e-01,  1.2377e+00, -6.7845e-01,  4.9893e-01,
           2.1623e-01,  4.9398e-01, -1.4558e-03, -2.4415e-04, -6.8261e-04,
          -4.3319e-03, -4.4289e-03,  6.7917e-03],
         [-1.5053e-01,  1.6932e-01,  1.1950e+00, -6.8748e-01,  2.2530e-01,
          -4.5839e-01, -5.1622e-01,  1.1858e-03,  1.3661e-03,  1.5911e-03,
           2.6562e-01,  4.9393e-01,  3.2184e-01],
         [ 1.4554e-01,  1.7676e-01,  1.2134e+00, -5.4905e-01,  2.5725e-01,
          -4.7907e-01, -6.3471e-01, -9.9131e-04, -4.2941e-04, -5.0563e-04,
          -4.0604e-02, -1.6630e-01, -6.7455e-02],
         [-2.2655e-01,  1.9639e-02,  1.1035e+00, -5.2763e-01,  4.9498e-01,
          -1.9697e-01, -6.6167e-01,  4.1787e-03,  1.2637e-03, -6.8364e-04,
           2.5270e-01,  3.1399e-01,  6.2728e-01],
         [ 1.0740e-01,  6.5146e-03,  1.1353e+00, -6.0633e-01,  1.1803e-03,
          -7.0238e-01, -3.7286e-01,  5.2107e-04, -1.0280e-03,  6.0441e-05,
          -2.3742e-02, -1.9531e-01, -1.2442e-02],
         [-2.2655e-01,  1.9639e-02,  1.1035e+00, -5.6245e-01,  2.7277e-01,
          -2.8954e-02, -7.8001e-01,  4.2603e-03,  1.2703e-03, -6.2296e-04,
          -1.8870e-01,  1.2571e-01,  5.0075e-01],
         [ 1.0740e-01,  6.5146e-03,  1.1353e+00, -7.8980e-01, -1.1123e-01,
          -4.8703e-01, -3.5589e-01,  5.2725e-04, -1.0345e-03,  7.4061e-05,
          -8.0521e-02, -1.0520e-01,  5.2439e-02],
         [-1.7546e-01,  6.1036e-03,  9.9507e-01, -5.4169e-01,  8.1468e-01,
           2.0684e-01, -9.0124e-03, -5.0453e-03,  5.5359e-03, -4.9152e-03,
          -4.5553e-02, -2.6731e-01,  7.1855e-01],
         [-1.7066e-01, -1.0428e-02,  1.0018e+00, -5.2053e-01,  8.2862e-01,
           2.0598e-01, -2.4496e-03,  5.3411e-03,  9.7518e-03, -2.1723e-03,
           4.1746e-01, -2.1688e+00,  1.7443e+00],
         [-1.6342e-01, -4.1377e-02,  1.0203e+00, -4.7712e-01,  8.5375e-01,
           2.0808e-01,  1.3074e-02,  2.4338e-02,  1.7375e-02,  2.8923e-03,
          -2.1613e-01,  2.5290e-01,  4.1618e-01],
         [-1.6665e-01, -2.6315e-02,  1.0103e+00, -4.9898e-01,  8.4129e-01,
           2.0789e-01,  5.8563e-03,  1.5571e-02,  1.3763e-02,  5.1393e-04,
          -1.9813e-01,  1.6576e-01,  4.7684e-01],
         [-1.9940e-01,  2.8036e-02,  1.0584e+00, -9.5888e-01,  1.9797e-01,
           1.8987e-01, -7.2839e-02, -5.6432e-03,  6.1699e-03, -5.5999e-03,
           9.6449e-02, -1.3070e-01, -1.1332e-01],
         [ 9.9525e-03,  1.3423e-02,  1.0647e+00, -5.0388e-01, -6.1026e-02,
           4.0596e-01, -7.5999e-01,  7.7547e-03, -1.2024e-02, -1.0843e-02,
          -4.4846e-01, -8.9102e-01,  8.2162e-01],
         [ 3.2508e-03,  7.6482e-04,  1.0763e+00, -4.9859e-01, -7.3369e-02,
           3.8672e-01, -7.7232e-01,  7.1863e-03, -1.1429e-02, -1.0514e-02,
          -5.7809e-02, -5.4089e-02, -2.0251e-03],
         [-5.0700e-03, -2.3523e-02,  1.1027e+00, -4.9227e-01, -1.0077e-01,
           3.4711e-01, -7.9186e-01,  5.5539e-03, -9.5735e-03, -9.3367e-03,
          -1.0082e-01, -1.7698e-01,  1.3434e-01],
         [-1.7293e-03, -1.1604e-02,  1.0891e+00, -4.9642e-01, -8.7498e-02,
           3.6693e-01, -7.8184e-01,  6.3591e-03, -1.0492e-02, -9.9407e-03,
          -1.0814e-01, -1.8496e-01,  1.3899e-01],
         [ 6.7329e-02,  2.4589e-02,  1.1052e+00,  4.4400e-01, -2.3706e-01,
          -8.3322e-01,  2.2894e-01,  2.7512e-03, -5.5637e-03, -5.5984e-03,
          -8.9005e-02, -1.0682e-01,  4.7568e-02],
         [-1.4842e-01,  1.8825e-02,  1.0065e+00, -3.1395e-01,  2.9046e-01,
           7.8875e-01,  4.4152e-01, -1.1421e-02,  1.6192e-02, -1.7882e-02,
           3.3118e-02, -4.1842e-01,  8.2375e-01],
         [-1.4326e-01,  2.1931e-03,  1.0125e+00, -2.8284e-01,  2.7352e-01,
           8.0885e-01,  4.3699e-01, -3.5003e-02,  4.6991e-02,  5.1492e-02,
           1.1114e+00, -4.7967e+00,  3.1682e+00],
         [-1.3718e-01, -2.7667e-02,  1.0325e+00, -2.1957e-01,  2.3130e-01,
           8.4775e-01,  4.2380e-01,  2.1610e-02,  3.0856e-02, -6.7903e-03,
          -2.4349e-01,  3.7961e-01,  3.3191e-01],
         [-1.3979e-01, -1.3203e-02,  1.0217e+00, -2.4919e-01,  2.4974e-01,
           8.2983e-01,  4.3235e-01,  1.1097e-02,  2.8757e-02, -6.6231e-03,
          -2.0906e-01,  2.1225e-01,  4.4909e-01],
         [-1.7945e-01,  3.2710e-02,  1.0657e+00, -5.0139e-01,  7.9370e-01,
          -2.7140e-01, -2.1211e-01, -6.0975e-03,  3.2036e-03, -2.4969e-03,
           6.6528e-02,  2.9217e-01, -3.0362e-01],
         [-8.8483e-04,  3.6898e-02,  1.0835e+00, -9.1120e-01, -3.7835e-01,
           1.5929e-01,  3.4432e-02, -3.0237e-02, -1.2733e-02, -3.2315e-02,
          -8.6484e-01, -1.7797e+00,  1.6918e+00],
         [-8.4912e-03,  2.4297e-02,  1.0946e+00, -9.1913e-01, -3.6721e-01,
           1.4176e-01,  1.5942e-02,  3.7646e-03, -1.0868e-02, -1.3853e-02,
          -3.1105e-02,  6.2248e-03, -6.6201e-02],
         [-1.5081e-02,  4.9320e-04,  1.1213e+00, -9.3189e-01, -3.5102e-01,
           8.6142e-02,  3.0767e-02, -9.9104e-04, -9.0463e-03, -1.3555e-02,
          -1.2283e-01, -2.5482e-01,  2.2315e-01],
         [-1.2650e-02,  1.2145e-02,  1.1076e+00, -9.2570e-01, -3.6023e-01,
           1.1190e-01,  2.8177e-02, -3.8273e-04, -1.0021e-02, -1.4562e-02,
          -1.3981e-01, -2.7642e-01,  2.3823e-01],
         [ 5.6599e-02,  3.7603e-02,  1.1190e+00,  1.7127e-02, -9.8963e-02,
          -4.4064e-01,  8.9205e-01,  6.7669e-04, -4.8549e-03, -7.9030e-03,
          -7.7209e-02, -5.8632e-02,  1.1114e-02],
         [-1.3730e-01,  1.6673e-02,  1.0231e+00, -5.2300e-01,  8.2028e-01,
          -1.7540e-01, -1.5118e-01, -2.3437e-02, -6.7615e-03, -1.5811e-02,
           6.6528e-02,  2.9217e-01, -3.0362e-01],
         [-3.1363e-03,  3.9778e-02,  1.1025e+00,  1.2275e-01, -4.6030e-02,
          -4.4927e-01,  8.8373e-01,  1.6307e-03, -6.7915e-03, -1.1571e-02,
          -6.5719e-02, -1.1695e-02, -2.4392e-02]]]), 'left_eef_pos': tensor([[-0.2265,  0.0196,  1.1035]]), 'left_eef_quat': tensor([[-0.5276,  0.4950, -0.1970, -0.6617]]), 'right_eef_pos': tensor([[0.1074, 0.0065, 1.1353]]), 'right_eef_quat': tensor([[-0.6063,  0.0012, -0.7024, -0.3729]]), 'hand_joint_state': tensor([[-1.5114, -1.5110, -1.5201, -1.5175, -1.7405, -1.5333, -1.5251, -1.5229,
         -1.5262, -1.7405, -1.9386, -2.0021, -2.1307, -2.0723,  1.1056, -2.0462,
         -2.0298, -2.0953, -2.0710,  1.1019, -0.2377, -0.2377]]), 'head_joint_state': tensor([[ 2.5850e-06,  1.5945e-06, -3.5608e-06]]), 'object': tensor([[-3.6881e-01,  4.0304e-01,  1.1691e+00,  1.0000e+00,  1.9132e-04,
          1.6836e-04, -2.1818e-05, -1.4227e-01,  3.8340e-01,  6.5514e-02,
         -4.7621e-01,  3.9653e-01,  3.3721e-02]])}}, tensor([0.]), tensor([False]), tensor([False]), {'log': {'Episode_Termination/object_dropping': 1}})